# ImageMagick pixel enumeration: 1,256,65535,srgb
0,0: (38233,38233,38233)  
0,1: (38233,38233,38233)  
0,2: (38233,38233,38233)  
0,3: (38233,38233,38233)  
0,4: (38233,38233,38233)  
0,5: (38233,38233,38233)  
0,6: (38233,38233,38233)  
0,7: (38233,38233,38233)  
0,8: (38233,38233,38233)  
0,9: (38233,38233,38233)  
0,10: (38233,38233,38233)  
0,11: (38233,38233,38233)  
0,12: (38233,38233,38233)  
0,13: (38233,38233,38233)  
0,14: (38233,38233,38233)  
0,15: (38233,38233,38233)  
0,16: (38233,38233,38233)  
0,17: (38233,38233,38233)  
0,18: (38233,38233,38233)  
0,19: (38233,38233,38233)  
0,20: (38233,38233,38233)  
0,21: (38233,38233,38233)  
0,22: (38233,38233,38233)  
0,23: (38233,38233,38233)  
0,24: (38233,38233,38233)  
0,25: (38233,38233,38233)  
0,26: (38233,38233,38233)  
0,27: (38233,38233,38233)  
0,28: (38233,38233,38233)  
0,29: (38233,38233,38233)  
0,30: (38233,38233,38233)  
0,31: (38233,38233,38233)  
0,32: (38233,38233,38233)  
0,33: (38233,38233,38233)  
0,34: (38233,38233,38233)  
0,35: (38233,38233,38233)  
0,36: (38233,38233,38233)  
0,37: (38233,38233,38233)  
0,38: (38233,38233,38233)  
0,39: (38233,38233,38233)  
0,40: (38233,38233,38233)  
0,41: (38233,38233,38233)  
0,42: (38233,38233,38233)  
0,43: (38233,38233,38233)  
0,44: (38233,38233,38233)  
0,45: (38233,38233,38233)  
0,46: (38233,38233,38233)  
0,47: (38233,38233,38233)  
0,48: (38233,38233,38233)  
0,49: (38233,38233,38233)  
0,50: (38233,38233,38233)  
0,51: (38233,38233,38233)  
0,52: (38233,38233,38233)  
0,53: (38233,38233,38233)  
0,54: (38233,38233,38233)  
0,55: (38233,38233,38233)  
0,56: (38233,38233,38233)  
0,57: (38233,38233,38233)  
0,58: (38233,38233,38233)  
0,59: (38233,38233,38233)  
0,60: (38233,38233,38233)  
0,61: (38233,38233,38233)  
0,62: (38233,38233,38233)  
0,63: (38233,38233,38233)  
0,64: (38233,38233,38233)  
0,65: (38233,38233,38233)  
0,66: (38233,38233,38233)  
0,67: (38233,38233,38233)  
0,68: (38233,38233,38233)  
0,69: (38233,38233,38233)  
0,70: (38233,38233,38233)  
0,71: (38233,38233,38233)  
0,72: (38233,38233,38233)  
0,73: (38233,38233,38233)  
0,74: (38233,38233,38233)  
0,75: (38233,38233,38233)  
0,76: (38233,38233,38233)  
0,77: (38233,38233,38233)  
0,78: (38233,38233,38233)  
0,79: (38233,38233,38233)  
0,80: (38233,38233,38233)  
0,81: (38233,38233,38233)  
0,82: (38233,38233,38233)  
0,83: (38233,38233,38233)  
0,84: (38233,38233,38233)  
0,85: (38233,38233,38233)  
0,86: (38233,38233,38233)  
0,87: (38233,38233,38233)  
0,88: (38233,38233,38233)  
0,89: (38233,38233,38233)  
0,90: (38233,38233,38233)  
0,91: (38233,38233,38233)  
0,92: (38233,38233,38233)  
0,93: (38233,38233,38233)  
0,94: (38233,38233,38233)  
0,95: (38233,38233,38233)  
0,96: (38233,38233,38233)  
0,97: (38233,38233,38233)  
0,98: (38233,38233,38233)  
0,99: (38233,38233,38233)  
0,100: (38233,38233,38233)  
0,101: (38233,38233,38233)  
0,102: (38233,38233,38233)  
0,103: (38233,38233,38233)  
0,104: (38233,38233,38233)  
0,105: (38233,38233,38233)  
0,106: (38233,38233,38233)  
0,107: (38233,38233,38233)  
0,108: (38233,38233,38233)  
0,109: (38233,38233,38233)  
0,110: (38233,38233,38233)  
0,111: (38233,38233,38233)  
0,112: (38233,38233,38233)  
0,113: (38233,38233,38233)  
0,114: (38233,38233,38233)  
0,115: (38233,38233,38233)  
0,116: (38233,38233,38233)  
0,117: (38233,38233,38233)  
0,118: (38233,38233,38233)  
0,119: (38233,38233,38233)  
0,120: (38233,38233,38233)  
0,121: (38233,38233,38233)  
0,122: (38233,38233,38233)  
0,123: (38233,38233,38233)  
0,124: (38233,38233,38233)  
0,125: (38233,38233,38233)  
0,126: (38233,38233,38233)  
0,127: (38233,38233,38233)  
0,128: (38233,38233,38233)  
0,129: (38233,38233,38233)  
0,130: (38233,38233,38233)  
0,131: (38233,38233,38233)  
0,132: (38233,38233,38233)  
0,133: (38233,38233,38233)  
0,134: (38233,38233,38233)  
0,135: (38233,38233,38233)  
0,136: (38233,38233,38233)  
0,137: (38233,38233,38233)  
0,138: (38233,38233,38233)  
0,139: (38233,38233,38233)  
0,140: (38233,38233,38233)  
0,141: (38233,38233,38233)  
0,142: (38233,38233,38233)  
0,143: (38233,38233,38233)  
0,144: (38233,38233,38233)  
0,145: (38233,38233,38233)  
0,146: (38233,38233,38233)  
0,147: (38233,38233,38233)  
0,148: (38233,38233,38233)  
0,149: (38233,38233,38233)  
0,150: (38233,38233,38233)  
0,151: (38233,38233,38233)  
0,152: (38233,38233,38233)  
0,153: (38233,38233,38233)  
0,154: (38233,38233,38233)  
0,155: (38233,38233,38233)  
0,156: (38233,38233,38233)  
0,157: (38233,38233,38233)  
0,158: (38233,38233,38233)  
0,159: (38233,38233,38233)  
0,160: (38233,38233,38233)  
0,161: (38233,38233,38233)  
0,162: (38233,38233,38233)  
0,163: (38233,38233,38233)  
0,164: (38233,38233,38233)  
0,165: (38233,38233,38233)  
0,166: (38233,38233,38233)  
0,167: (38233,38233,38233)  
0,168: (38233,38233,38233)  
0,169: (38233,38233,38233)  
0,170: (38233,38233,38233)  
0,171: (38233,38233,38233)  
0,172: (38233,38233,38233)  
0,173: (38233,38233,38233)  
0,174: (38233,38233,38233)  
0,175: (38233,38233,38233)  
0,176: (38233,38233,38233)  
0,177: (38233,38233,38233)  
0,178: (38233,38233,38233)  
0,179: (38233,38233,38233)  
0,180: (38233,38233,38233)  
0,181: (38233,38233,38233)  
0,182: (38233,38233,38233)  
0,183: (38233,38233,38233)  
0,184: (38233,38233,38233)  
0,185: (38233,38233,38233)  
0,186: (38233,38233,38233)  
0,187: (38233,38233,38233)  
0,188: (38233,38233,38233)  
0,189: (38233,38233,38233)  
0,190: (38233,38233,38233)  
0,191: (38233,38233,38233)  
0,192: (38233,38233,38233)  
0,193: (38233,38233,38233)  
0,194: (38233,38233,38233)  
0,195: (38233,38233,38233)  
0,196: (38233,38233,38233)  
0,197: (38233,38233,38233)  
0,198: (38233,38233,38233)  
0,199: (38233,38233,38233)  
0,200: (38233,38233,38233)  
0,201: (38233,38233,38233)  
0,202: (38233,38233,38233)  
0,203: (38233,38233,38233)  
0,204: (38233,38233,38233)  
0,205: (38233,38233,38233)  
0,206: (38233,38233,38233)  
0,207: (38233,38233,38233)  
0,208: (38233,38233,38233)  
0,209: (38233,38233,38233)  
0,210: (38233,38233,38233)  
0,211: (38233,38233,38233)  
0,212: (38233,38233,38233)  
0,213: (38233,38233,38233)  
0,214: (38233,38233,38233)  
0,215: (38233,38233,38233)  
0,216: (38233,38233,38233)  
0,217: (38233,38233,38233)  
0,218: (38233,38233,38233)  
0,219: (38233,38233,38233)  
0,220: (38233,38233,38233)  
0,221: (38233,38233,38233)  
0,222: (38233,38233,38233)  
0,223: (38233,38233,38233)  
0,224: (38233,38233,38233)  
0,225: (38233,38233,38233)  
0,226: (38233,38233,38233)  
0,227: (38233,38233,38233)  
0,228: (38233,38233,38233)  
0,229: (38233,38233,38233)  
0,230: (38233,38233,38233)  
0,231: (38233,38233,38233)  
0,232: (38233,38233,38233)  
0,233: (38233,38233,38233)  
0,234: (38233,38233,38233)  
0,235: (38233,38233,38233)  
0,236: (38233,38233,38233)  
0,237: (38233,38233,38233)  
0,238: (38233,38233,38233)  
0,239: (38233,38233,38233)  
0,240: (38233,38233,38233)  
0,241: (38233,38233,38233)  
0,242: (38233,38233,38233)  
0,243: (38233,38233,38233)  
0,244: (38233,38233,38233)  
0,245: (38233,38233,38233)  
0,246: (38233,38233,38233)  
0,247: (38233,38233,38233)  
0,248: (38233,38233,38233)  
0,249: (38233,38233,38233)  
0,250: (38233,38233,38233)  
0,251: (38233,38233,38233)  
0,252: (38233,38233,38233)  
0,253: (38233,38233,38233)  
0,254: (38233,38233,38233)  
0,255: (38233,38233,38233)  
